# CFD Solution
# Solution Data
# Domain: [-1, 1]
# Cells: 200
# dx: 0.01
#
# X-coordinate, Solution
   -0.995000    0.960292
   -0.985000    1.010568
   -0.975000    1.041465
   -0.965000    1.039017
   -0.955000    0.987499
   -0.945000    0.831136
   -0.935000    0.659887
   -0.925000    0.464883
   -0.915000    0.330678
   -0.905000    0.207077
   -0.895000    0.135721
   -0.885000    0.076524
   -0.875000    0.047180
   -0.865000    0.024724
   -0.855000    0.013800
   -0.845000    0.007368
   -0.835000    0.003372
   -0.825000    0.002039
   -0.815000    0.000771
   -0.805000    0.000457
   -0.795000    0.000101
   -0.785000    0.000030
   -0.775000    0.000193
   -0.765000    0.000027
   -0.755000   -0.000460
   -0.745000    0.000886
   -0.735000   -0.001137
   -0.725000    0.001301
   -0.715000   -0.001341
   -0.705000    0.002050
   -0.695000   -0.004256
   -0.685000    0.006906
   -0.675000   -0.002460
   -0.665000   -0.004939
   -0.655000    0.002889
   -0.645000   -0.001262
   -0.635000    0.001317
   -0.625000    0.004523
   -0.615000   -0.010914
   -0.605000    0.012848
   -0.595000   -0.007730
   -0.585000    0.000633
   -0.575000    0.012133
   -0.565000   -0.014083
   -0.555000   -0.014113
   -0.545000    0.029004
   -0.535000   -0.004101
   -0.525000   -0.008305
   -0.515000   -0.001809
   -0.505000   -0.010231
   -0.495000    0.002447
   -0.485000    0.040472
   -0.475000   -0.039314
   -0.465000   -0.018300
   -0.455000    0.058862
   -0.445000   -0.007620
   -0.435000   -0.046995
   -0.425000   -0.014035
   -0.415000    0.014370
   -0.405000    0.060609
   -0.395000    0.024948
   -0.385000   -0.068665
   -0.375000   -0.063846
   -0.365000    0.104320
   -0.355000   -0.033188
   -0.345000   -0.135467
   -0.335000    0.093532
   -0.325000    0.253914
   -0.315000    0.008749
   -0.305000   -0.257259
   -0.295000   -0.083540
   -0.285000   -0.059005
   -0.275000   -0.201566
   -0.265000   -0.153104
   -0.255000    0.348904
   -0.245000    0.552210
   -0.235000    0.780268
   -0.225000    0.852183
   -0.215000    0.806801
   -0.205000    0.790526
   -0.195000    0.823705
   -0.185000    0.749338
   -0.175000    0.393629
   -0.165000    0.093218
   -0.155000    0.201504
   -0.145000    0.400404
   -0.135000    0.181305
   -0.125000   -0.147703
   -0.115000   -0.083278
   -0.105000    0.105309
   -0.095000    0.037306
   -0.085000    0.039438
   -0.075000    0.059902
   -0.065000    0.037061
   -0.055000    0.022375
   -0.045000   -0.114660
   -0.035000   -0.346598
   -0.025000    0.036355
   -0.015000    0.345580
   -0.005000    0.287877
    0.005000   -0.031336
    0.015000   -0.100734
    0.025000   -0.159232
    0.035000   -0.153619
    0.045000   -0.178335
    0.055000   -0.199346
    0.065000   -0.230473
    0.075000    0.119904
    0.085000    0.632042
    0.095000    0.735279
    0.105000    0.765624
    0.115000    0.758759
    0.125000    0.669827
    0.135000    0.964856
    0.145000    1.028801
    0.155000    1.093458
    0.165000    1.167528
    0.175000    1.033486
    0.185000    0.845736
    0.195000    0.717895
    0.205000    0.884360
    0.215000    1.029377
    0.225000    1.121660
    0.235000    1.237568
    0.245000    1.229771
    0.255000    1.193169
    0.265000    1.138520
    0.275000    0.712842
    0.285000    0.623024
    0.295000    0.457146
    0.305000    0.165106
    0.315000    0.162535
    0.325000    0.126856
    0.335000    0.030524
    0.345000    0.034696
    0.355000    0.069523
    0.365000   -0.058132
    0.375000   -0.050711
    0.385000    0.043632
    0.395000    0.020698
    0.405000    0.052458
    0.415000    0.040848
    0.425000   -0.031134
    0.435000   -0.021658
    0.445000   -0.016305
    0.455000   -0.112753
    0.465000   -0.097661
    0.475000    0.092836
    0.485000    0.090668
    0.495000   -0.012922
    0.505000    0.036319
    0.515000    0.157392
    0.525000    0.158131
    0.535000    0.261527
    0.545000    0.609271
    0.555000    0.732012
    0.565000    0.701734
    0.575000    0.835218
    0.585000    0.912969
    0.595000    0.828289
    0.605000    0.800642
    0.615000    0.857322
    0.625000    0.816142
    0.635000    0.572250
    0.645000    0.494424
    0.655000    0.483139
    0.665000    0.331960
    0.675000    0.113958
    0.685000    0.073646
    0.695000    0.095197
    0.705000    0.103830
    0.715000    0.029736
    0.725000   -0.006943
    0.735000    0.019942
    0.745000    0.064724
    0.755000   -0.012674
    0.765000   -0.109092
    0.775000   -0.089208
    0.785000    0.093593
    0.795000    0.148660
    0.805000    0.062431
    0.815000   -0.044376
    0.825000   -0.055290
    0.835000   -0.033582
    0.845000   -0.042206
    0.855000   -0.117725
    0.865000   -0.158324
    0.875000   -0.090654
    0.885000    0.143691
    0.895000    0.323197
    0.905000    0.410383
    0.915000    0.470459
    0.925000    0.559881
    0.935000    0.730292
    0.945000    0.879900
    0.955000    0.947380
    0.965000    0.964637
    0.975000    0.948863
    0.985000    0.929440
    0.995000    0.923877
