# Crank-Nicolson Error Analysis
# ============================
# Columns: 1-x-coordinate, 2-CN-numerical, 3-Analytical, 4-Absolute-Error, 5-Relative-Error
#
   -0.995000     0.960292     0.998331 -3.803900e-02 3.810259e-02
   -0.985000     1.010568     0.988255 2.231300e-02 2.257818e-02
   -0.975000     1.041465     0.967786 7.367900e-02 7.613150e-02
   -0.965000     1.039017     0.936242 1.027750e-01 1.097740e-01
   -0.955000     0.987499     0.892442 9.505700e-02 1.065134e-01
   -0.945000     0.831136     0.834447 -3.311000e-03 3.967897e-03
   -0.935000     0.659887     0.758980 -9.909300e-02 1.305608e-01
   -0.925000     0.464883     0.659982 -1.950990e-01 2.956126e-01
   -0.915000     0.330678     0.523837 -1.931590e-01 3.687387e-01
   -0.905000     0.207077     0.280815 -7.373800e-02 2.625857e-01
   -0.895000     0.135721     0.000000 1.357210e-01 0.000000e+00
   -0.885000     0.076524     0.000000 7.652400e-02 0.000000e+00
   -0.875000     0.047180     0.000000 4.718000e-02 0.000000e+00
   -0.865000     0.024724     0.000000 2.472400e-02 0.000000e+00
   -0.855000     0.013800     0.000000 1.380000e-02 0.000000e+00
   -0.845000     0.007368     0.000000 7.368000e-03 0.000000e+00
   -0.835000     0.003372     0.000000 3.372000e-03 0.000000e+00
   -0.825000     0.002039     0.000000 2.039000e-03 0.000000e+00
   -0.815000     0.000771     0.000000 7.710000e-04 0.000000e+00
   -0.805000     0.000457     0.000000 4.570000e-04 0.000000e+00
   -0.795000     0.000101     0.000000 1.010000e-04 0.000000e+00
   -0.785000     0.000030     0.000000 3.000000e-05 0.000000e+00
   -0.775000     0.000193     0.000000 1.930000e-04 0.000000e+00
   -0.765000     0.000027     0.000000 2.700000e-05 0.000000e+00
   -0.755000    -0.000460     0.000000 -4.600000e-04 0.000000e+00
   -0.745000     0.000886     0.000000 8.860000e-04 0.000000e+00
   -0.735000    -0.001137     0.000000 -1.137000e-03 0.000000e+00
   -0.725000     0.001301     0.000000 1.301000e-03 0.000000e+00
   -0.715000    -0.001341     0.000000 -1.341000e-03 0.000000e+00
   -0.705000     0.002050     0.000000 2.050000e-03 0.000000e+00
   -0.695000    -0.004256     0.000000 -4.256000e-03 0.000000e+00
   -0.685000     0.006906     0.000000 6.906000e-03 0.000000e+00
   -0.675000    -0.002460     0.000000 -2.460000e-03 0.000000e+00
   -0.665000    -0.004939     0.000000 -4.939000e-03 0.000000e+00
   -0.655000     0.002889     0.000000 2.889000e-03 0.000000e+00
   -0.645000    -0.001262     0.000000 -1.262000e-03 0.000000e+00
   -0.635000     0.001317     0.000000 1.317000e-03 0.000000e+00
   -0.625000     0.004523     0.000000 4.523000e-03 0.000000e+00
   -0.615000    -0.010914     0.000000 -1.091400e-02 0.000000e+00
   -0.605000     0.012848     0.000000 1.284800e-02 0.000000e+00
   -0.595000    -0.007730     0.000000 -7.730000e-03 0.000000e+00
   -0.585000     0.000633     0.000000 6.330000e-04 0.000000e+00
   -0.575000     0.012133     0.000000 1.213300e-02 0.000000e+00
   -0.565000    -0.014083     0.000000 -1.408300e-02 0.000000e+00
   -0.555000    -0.014113     0.000000 -1.411300e-02 0.000000e+00
   -0.545000     0.029004     0.000000 2.900400e-02 0.000000e+00
   -0.535000    -0.004101     0.000000 -4.101000e-03 0.000000e+00
   -0.525000    -0.008305     0.000000 -8.305000e-03 0.000000e+00
   -0.515000    -0.001809     0.000000 -1.809000e-03 0.000000e+00
   -0.505000    -0.010231     0.000000 -1.023100e-02 0.000000e+00
   -0.495000     0.002447     0.000000 2.447000e-03 0.000000e+00
   -0.485000     0.040472     0.000000 4.047200e-02 0.000000e+00
   -0.475000    -0.039314     0.000000 -3.931400e-02 0.000000e+00
   -0.465000    -0.018300     0.000000 -1.830000e-02 0.000000e+00
   -0.455000     0.058862     0.000000 5.886200e-02 0.000000e+00
   -0.445000    -0.007620     0.000000 -7.620000e-03 0.000000e+00
   -0.435000    -0.046995     0.000000 -4.699500e-02 0.000000e+00
   -0.425000    -0.014035     0.000000 -1.403500e-02 0.000000e+00
   -0.415000     0.014370     0.000000 1.437000e-02 0.000000e+00
   -0.405000     0.060609     0.000000 6.060900e-02 0.000000e+00
   -0.395000     0.024948     0.000000 2.494800e-02 0.000000e+00
   -0.385000    -0.068665     0.000000 -6.866500e-02 0.000000e+00
   -0.375000    -0.063846     0.000000 -6.384600e-02 0.000000e+00
   -0.365000     0.104320     0.000000 1.043200e-01 0.000000e+00
   -0.355000    -0.033188     0.000000 -3.318800e-02 0.000000e+00
   -0.345000    -0.135467     0.000000 -1.354670e-01 0.000000e+00
   -0.335000     0.093532     0.000000 9.353200e-02 0.000000e+00
   -0.325000     0.253914     0.000000 2.539140e-01 0.000000e+00
   -0.315000     0.008749     0.000000 8.749000e-03 0.000000e+00
   -0.305000    -0.257259     0.000000 -2.572590e-01 0.000000e+00
   -0.295000    -0.083540     0.001039 -8.457900e-02 8.140423e+01
   -0.285000    -0.059005     0.004086 -6.309100e-02 1.544077e+01
   -0.275000    -0.201566     0.013792 -2.153580e-01 1.561470e+01
   -0.265000    -0.153104     0.039992 -1.930960e-01 4.828366e+00
   -0.255000     0.348904     0.099600 2.493040e-01 2.503052e+00
   -0.245000     0.552210     0.213057 3.391530e-01 1.591842e+00
   -0.235000     0.780268     0.391460 3.888080e-01 9.932254e-01
   -0.225000     0.852183     0.617776 2.344070e-01 3.794369e-01
   -0.215000     0.806801     0.837388 -3.058700e-02 3.652668e-02
   -0.205000     0.790526     0.974933 -1.844070e-01 1.891484e-01
   -0.195000     0.823705     0.974933 -1.512280e-01 1.551163e-01
   -0.185000     0.749338     0.837388 -8.805000e-02 1.051484e-01
   -0.175000     0.393629     0.617776 -2.241470e-01 3.628289e-01
   -0.165000     0.093218     0.391460 -2.982420e-01 7.618709e-01
   -0.155000     0.201504     0.213057 -1.155300e-02 5.422493e-02
   -0.145000     0.400404     0.099600 3.008040e-01 3.020120e+00
   -0.135000     0.181305     0.039992 1.413130e-01 3.533532e+00
   -0.125000    -0.147703     0.013792 -1.614950e-01 1.170932e+01
   -0.115000    -0.083278     0.004086 -8.736400e-02 2.138130e+01
   -0.105000     0.105309     0.001039 1.042700e-01 1.003561e+02
   -0.095000     0.037306     0.000000 3.730600e-02 0.000000e+00
   -0.085000     0.039438     0.000000 3.943800e-02 0.000000e+00
   -0.075000     0.059902     0.000000 5.990200e-02 0.000000e+00
   -0.065000     0.037061     0.000000 3.706100e-02 0.000000e+00
   -0.055000     0.022375     0.000000 2.237500e-02 0.000000e+00
   -0.045000    -0.114660     0.000000 -1.146600e-01 0.000000e+00
   -0.035000    -0.346598     0.000000 -3.465980e-01 0.000000e+00
   -0.025000     0.036355     0.000000 3.635500e-02 0.000000e+00
   -0.015000     0.345580     0.000000 3.455800e-01 0.000000e+00
   -0.005000     0.287877     0.000000 2.878770e-01 0.000000e+00
    0.005000    -0.031336     0.000000 -3.133600e-02 0.000000e+00
    0.015000    -0.100734     0.000000 -1.007340e-01 0.000000e+00
    0.025000    -0.159232     0.000000 -1.592320e-01 0.000000e+00
    0.035000    -0.153619     0.000000 -1.536190e-01 0.000000e+00
    0.045000    -0.178335     0.000000 -1.783350e-01 0.000000e+00
    0.055000    -0.199346     0.000000 -1.993460e-01 0.000000e+00
    0.065000    -0.230473     0.000000 -2.304730e-01 0.000000e+00
    0.075000     0.119904     0.000000 1.199040e-01 0.000000e+00
    0.085000     0.632042     0.000000 6.320420e-01 0.000000e+00
    0.095000     0.735279     0.000000 7.352790e-01 0.000000e+00
    0.105000     0.765624     1.000000 -2.343760e-01 2.343760e-01
    0.115000     0.758759     1.000000 -2.412410e-01 2.412410e-01
    0.125000     0.669827     1.000000 -3.301730e-01 3.301730e-01
    0.135000     0.964856     1.000000 -3.514400e-02 3.514400e-02
    0.145000     1.028801     1.000000 2.880100e-02 2.880100e-02
    0.155000     1.093458     1.000000 9.345800e-02 9.345800e-02
    0.165000     1.167528     1.000000 1.675280e-01 1.675280e-01
    0.175000     1.033486     1.000000 3.348600e-02 3.348600e-02
    0.185000     0.845736     1.000000 -1.542640e-01 1.542640e-01
    0.195000     0.717895     1.000000 -2.821050e-01 2.821050e-01
    0.205000     0.884360     1.000000 -1.156400e-01 1.156400e-01
    0.215000     1.029377     1.000000 2.937700e-02 2.937700e-02
    0.225000     1.121660     1.000000 1.216600e-01 1.216600e-01
    0.235000     1.237568     1.000000 2.375680e-01 2.375680e-01
    0.245000     1.229771     1.000000 2.297710e-01 2.297710e-01
    0.255000     1.193169     1.000000 1.931690e-01 1.931690e-01
    0.265000     1.138520     1.000000 1.385200e-01 1.385200e-01
    0.275000     0.712842     1.000000 -2.871580e-01 2.871580e-01
    0.285000     0.623024     1.000000 -3.769760e-01 3.769760e-01
    0.295000     0.457146     1.000000 -5.428540e-01 5.428540e-01
    0.305000     0.165106     0.000000 1.651060e-01 0.000000e+00
    0.315000     0.162535     0.000000 1.625350e-01 0.000000e+00
    0.325000     0.126856     0.000000 1.268560e-01 0.000000e+00
    0.335000     0.030524     0.000000 3.052400e-02 0.000000e+00
    0.345000     0.034696     0.000000 3.469600e-02 0.000000e+00
    0.355000     0.069523     0.000000 6.952300e-02 0.000000e+00
    0.365000    -0.058132     0.000000 -5.813200e-02 0.000000e+00
    0.375000    -0.050711     0.000000 -5.071100e-02 0.000000e+00
    0.385000     0.043632     0.000000 4.363200e-02 0.000000e+00
    0.395000     0.020698     0.000000 2.069800e-02 0.000000e+00
    0.405000     0.052458     0.000000 5.245800e-02 0.000000e+00
    0.415000     0.040848     0.000000 4.084800e-02 0.000000e+00
    0.425000    -0.031134     0.000000 -3.113400e-02 0.000000e+00
    0.435000    -0.021658     0.000000 -2.165800e-02 0.000000e+00
    0.445000    -0.016305     0.000000 -1.630500e-02 0.000000e+00
    0.455000    -0.112753     0.000000 -1.127530e-01 0.000000e+00
    0.465000    -0.097661     0.000000 -9.766100e-02 0.000000e+00
    0.475000     0.092836     0.000000 9.283600e-02 0.000000e+00
    0.485000     0.090668     0.000000 9.066800e-02 0.000000e+00
    0.495000    -0.012922     0.000000 -1.292200e-02 0.000000e+00
    0.505000     0.036319     0.050000 -1.368100e-02 2.736200e-01
    0.515000     0.157392     0.150000 7.392000e-03 4.928000e-02
    0.525000     0.158131     0.250000 -9.186900e-02 3.674760e-01
    0.535000     0.261527     0.350000 -8.847300e-02 2.527800e-01
    0.545000     0.609271     0.450000 1.592710e-01 3.539356e-01
    0.555000     0.732012     0.550000 1.820120e-01 3.309309e-01
    0.565000     0.701734     0.650000 5.173400e-02 7.959077e-02
    0.575000     0.835218     0.750000 8.521800e-02 1.136240e-01
    0.585000     0.912969     0.850000 6.296900e-02 7.408118e-02
    0.595000     0.828289     0.950000 -1.217110e-01 1.281168e-01
    0.605000     0.800642     0.950000 -1.493580e-01 1.572189e-01
    0.615000     0.857322     0.850000 7.322000e-03 8.614118e-03
    0.625000     0.816142     0.750000 6.614200e-02 8.818933e-02
    0.635000     0.572250     0.650000 -7.775000e-02 1.196154e-01
    0.645000     0.494424     0.550000 -5.557600e-02 1.010473e-01
    0.655000     0.483139     0.450000 3.313900e-02 7.364222e-02
    0.665000     0.331960     0.350000 -1.804000e-02 5.154286e-02
    0.675000     0.113958     0.250000 -1.360420e-01 5.441680e-01
    0.685000     0.073646     0.150000 -7.635400e-02 5.090267e-01
    0.695000     0.095197     0.050000 4.519700e-02 9.039400e-01
    0.705000     0.103830     0.000000 1.038300e-01 0.000000e+00
    0.715000     0.029736     0.000000 2.973600e-02 0.000000e+00
    0.725000    -0.006943     0.000000 -6.943000e-03 0.000000e+00
    0.735000     0.019942     0.000000 1.994200e-02 0.000000e+00
    0.745000     0.064724     0.000000 6.472400e-02 0.000000e+00
    0.755000    -0.012674     0.000000 -1.267400e-02 0.000000e+00
    0.765000    -0.109092     0.000000 -1.090920e-01 0.000000e+00
    0.775000    -0.089208     0.000000 -8.920800e-02 0.000000e+00
    0.785000     0.093593     0.000000 9.359300e-02 0.000000e+00
    0.795000     0.148660     0.000000 1.486600e-01 0.000000e+00
    0.805000     0.062431     0.000000 6.243100e-02 0.000000e+00
    0.815000    -0.044376     0.000000 -4.437600e-02 0.000000e+00
    0.825000    -0.055290     0.000000 -5.529000e-02 0.000000e+00
    0.835000    -0.033582     0.000000 -3.358200e-02 0.000000e+00
    0.845000    -0.042206     0.000000 -4.220600e-02 0.000000e+00
    0.855000    -0.117725     0.000000 -1.177250e-01 0.000000e+00
    0.865000    -0.158324     0.000000 -1.583240e-01 0.000000e+00
    0.875000    -0.090654     0.000000 -9.065400e-02 0.000000e+00
    0.885000     0.143691     0.000000 1.436910e-01 0.000000e+00
    0.895000     0.323197     0.000000 3.231970e-01 0.000000e+00
    0.905000     0.410383     0.280815 1.295680e-01 4.613999e-01
    0.915000     0.470459     0.523837 -5.337800e-02 1.018981e-01
    0.925000     0.559881     0.659982 -1.001010e-01 1.516723e-01
    0.935000     0.730292     0.758980 -2.868800e-02 3.779810e-02
    0.945000     0.879900     0.834447 4.545300e-02 5.447081e-02
    0.955000     0.947380     0.892442 5.493800e-02 6.155918e-02
    0.965000     0.964637     0.936242 2.839500e-02 3.032870e-02
    0.975000     0.948863     0.967786 -1.892300e-02 1.955288e-02
    0.985000     0.929440     0.988255 -5.881500e-02 5.951399e-02
    0.995000     0.923877     0.998331 -7.445400e-02 7.457847e-02
